"generation","round_index","role_name","inventory","backlog","order_placed","shipment_received","shipment_sent_downstream","profit","llm_reported_inventory","llm_reported_backlog","llm_recent_demand_or_orders","llm_incoming_shipments","llm_last_order_placed","llm_confidence","llm_rationale","llm_risk_assessment","llm_expected_demand_next_round"
"1","0","Retailer","106","0","20","10","12","18.0","98","0","[12]","[12]","","0.8","To cover expected demand and maintain a buffer, I will order 20 units.","Demand fluctuations could lead to excess inventory or backlog if not managed.","20"
"1","0","Wholesaler","98","20","20","10","12","62.0","98","0","[12]","[12]","","0.8","To cover expected demand and maintain a buffer, I will order 20 units.","Risk of over-ordering if demand decreases unexpectedly, leading to higher holding costs.","20"
"1","0","Distributor","98","20","20","10","12","62.0","98","0","[12]","[12]","","0.8","I will order enough to cover the expected demand while maintaining a buffer to avoid stockouts.","There is a risk of over-ordering if demand fluctuates unexpectedly, leading to higher holding costs.","20"
"1","0","Factory","98","20","20","10","12","62.0","98","0","[12]","[12]","","0.8","To cover expected demand and maintain a buffer, I will order 20 units.","Risk of underestimating demand could lead to backlog and increased costs.","20"
"1","1","Retailer","112","0","12","10","8","-12.0","108","0","[12, 8]","[28]","20","0.75","I will order to cover expected demand while maintaining a buffer to avoid stockouts.","Demand may fluctuate, leading to potential excess inventory or backlog if not managed.","12"
"1","1","Wholesaler","80","12","12","10","28","182.0","80","0","[12, 8]","[48]","20","0.75","To cover expected demand and maintain a buffer, I will order 12 units.","There is a risk of overstocking if demand decreases unexpectedly.","12"
"1","1","Distributor","68","12","20","10","48","298.0","60","0","[12, 28]","[68]","20","0.7","I will order enough to cover expected demand while maintaining a buffer to avoid stockouts.","There is a risk of over-ordering if demand fluctuates unexpectedly, leading to higher holding costs.","20"
"1","1","Factory","50","20","30","10","68","457.0","40","0","[12, 48]","[48]","20","0.7","I will order to cover expected demand while maintaining a buffer to avoid stockouts.","There is a risk of overestimating demand, leading to excess inventory and holding costs.","30"
"1","2","Retailer","126","0","20","12","9","-42.5","115","0","[12, 8, 9]","[21]","12","0.75","I will order to cover expected demand while maintaining a buffer to avoid stockouts.","Demand may fluctuate, leading to potential excess inventory or backlog if not managed.","20"
"1","2","Wholesaler","63","20","12","12","21","320.0","71","0","[12, 8, 9]","[33]","12","0.7","To cover expected demand and maintain a buffer, I will order 12 units.","Risk of over-ordering if demand decreases unexpectedly, leading to higher holding costs.","12"
"1","2","Distributor","55","12","20","12","33","472.0","47","0","[12, 28, 21]","[53]","20","0.75","I will order to cover expected demand while maintaining a buffer to prevent stockouts.","There is a risk of over-ordering if demand decreases unexpectedly, leading to higher holding costs.","20"
"1","2","Factory","39","20","30","32","53","788.0","29","0","[12, 48, 33]","[33]","30","0.7","To cover expected demand and maintain a buffer, I will order 30 units, considering recent fluctuations.","There is a risk of overestimating demand, which could lead to excess inventory and increased holding costs.","30"
"1","3","Retailer","148","0","10","28","8","-109.5","146","0","[8, 9, 8]","[28]","20","0.9","To meet the recent average demand while maintaining a buffer, I will order slightly above the expected demand.","There is a risk of overstocking if demand decreases unexpectedly, but I need to ensure I can meet demand without stockouts.","9"
"1","3","Wholesaler","85","10","12","48","28","426.0","83","0","[8, 9, 8]","[40]","12","0.7","To cover expected demand and maintain a buffer, I will order 12 units.","There is a risk of overstocking if demand decreases unexpectedly, leading to higher holding costs.","9"
"1","3","Distributor","99","12","28","68","40","641.0","83","0","[28, 21, 28]","[60]","20","0.7","I will order to cover the expected demand while maintaining a buffer to avoid stockouts.","There is a risk of over-ordering if demand decreases unexpectedly, leading to higher holding costs.","28"
"1","3","Factory","69","28","40","78","60","1165.0","57","0","[48, 33, 40]","[40]","30","0.7","To cover expected demand and maintain a buffer, I will order 40 units, matching the recent average demand.","Risk of overcommitting if demand decreases unexpectedly, but necessary to avoid stockouts.","40"
"1","4","Retailer","175","0","20","21","7","-208.0","162","0","[9, 8, 7]","[17]","10","0.7","To maintain inventory and cover expected demand, I will order 20 units.","Demand may continue to decline, leading to excess inventory if not managed.","20"
"1","4","Wholesaler","96","20","15","33","17","512.5","101","0","[9, 8, 7]","[29]","12","0.7","To maintain inventory levels while considering recent demand trends, I will order conservatively.","There is a risk of overstocking if demand continues to decline, leading to increased holding costs.","20"
"1","4","Distributor","128","15","20","53","29","735.5","123","0","[21, 28, 17]","[57]","28","0.75","I will order to cover expected demand while maintaining a buffer to prevent stockouts.","Demand may fluctuate, leading to potential over-ordering and increased holding costs.","20"
"1","4","Factory","85","20","30","63","57","1470.0","75","0","[33, 40, 29]","[29]","40","0.7","To cover expected demand and maintain a buffer, I will order 30 units, considering recent trends.","There is a risk of overestimating demand, leading to excess inventory and holding costs.","30"
"1","5","Retailer","209","0","20","28","7","-340.5","196","0","[8, 7, 7]","[27]","20","0.75","I will order to cover expected demand and maintain a buffer to avoid stockouts.","Demand may fluctuate, leading to potential excess inventory or backlog if not managed.","20"
"1","5","Wholesaler","109","20","20","40","27","638.5","109","0","[8, 7, 7]","[42]","15","0.75","To maintain inventory and meet expected demand, I will order slightly above recent demand trends.","There is a risk of over-ordering if demand decreases unexpectedly, leading to higher holding costs.","20"
"1","5","Distributor","151","20","25","60","42","897.0","146","0","[28, 17, 27]","[62]","20","0.75","I will order to cover expected demand while maintaining a buffer to prevent stockouts.","There is a risk of over-ordering if demand decreases unexpectedly, leading to higher holding costs.","25"
"1","5","Factory","118","25","40","80","62","1794.5","103","0","[40, 29, 42]","[42]","30","0.7","To cover the recent demand trend and maintain a buffer, I will order 40 units, which aligns with the observed demand.","There is a risk of overestimating demand, leading to excess inventory and holding costs.","40"
"1","6","Retailer","218","0","8","17","8","-478.5","218","0","[7, 7, 8]","[28]","20","0.9","I will order to cover expected demand while maintaining a buffer to avoid stockouts.","Demand may fluctuate, but current trends suggest stable orders.","8"
"1","6","Wholesaler","110","8","8","29","28","708.5","110","0","[7, 7, 8]","[48]","20","0.9","With stable recent demand and sufficient inventory, I will order to cover expected demand and maintain a buffer.","There is a risk of over-ordering if demand decreases unexpectedly, leading to higher holding costs.","8"
"1","6","Distributor","177","8","25","57","48","1008.5","160","0","[17, 27, 28]","[73]","25","0.85","I will order enough to cover the expected demand while maintaining a buffer to avoid stockouts.","There is a risk of over-ordering if demand decreases unexpectedly, leading to higher holding costs.","25"
"1","6","Factory","119","25","40","59","73","2173.0","104","0","[29, 42, 48]","[48]","40","0.75","To cover expected demand and maintain a buffer, I will order 40 units, aligning with recent trends.","Risk of over-ordering if demand decreases unexpectedly, but necessary to avoid stockouts.","40"
"1","7","Retailer","237","0","8","27","8","-635.5","237","0","[7, 8, 8]","[16]","8","0.9","I will order to cover expected demand while maintaining a buffer to avoid stockouts.","Demand may fluctuate, but current trends suggest stable orders.","8"
"1","7","Wholesaler","136","8","8","42","16","692.5","136","0","[7, 8, 8]","[24]","8","0.9","With stable demand around 8 units, I will order to maintain inventory while covering expected demand.","There is a risk of overstocking if demand decreases unexpectedly, leading to higher holding costs.","8"
"1","7","Distributor","232","8","25","62","24","945.0","215","0","[27, 28, 16]","[49]","25","0.7","I will order to cover expected demand while maintaining a buffer to prevent stockouts.","There is a risk of over-ordering if demand decreases unexpectedly, leading to higher holding costs.","25"
"1","7","Factory","167","25","40","82","49","2383.5","152","0","[42, 48, 24]","[24]","40","0.7","To cover expected demand and maintain a buffer, I will order 40 units, aligning with recent demand trends.","There is a risk of overestimating demand, which could lead to excess inventory and increased holding costs.","40"
"1","8","Retailer","255","0","10","28","10","-790.5","255","0","[8, 8, 10]","[18]","8","0.9","To maintain inventory and meet expected demand, I will order 10 units, covering recent trends.","Demand may fluctuate, but ordering conservatively will help avoid excess inventory.","10"
"1","8","Wholesaler","166","10","10","48","18","666.5","166","0","[8, 8, 10]","[26]","8","0.9","With sufficient inventory and recent demand trends, I will order to meet expected demand while maintaining a buffer.","There is a risk of overstocking if demand decreases unexpectedly, but current trends suggest stable demand.","10"
"1","8","Distributor","289","10","20","73","26","841.0","279","0","[28, 16, 18]","[51]","25","0.8","I will order to cover expected demand while maintaining a buffer to avoid stockouts.","There is a risk of over-ordering if demand fluctuates, leading to higher holding costs.","20"
"1","8","Factory","210","20","26","88","51","2531.5","204","0","[48, 24, 26]","[26]","40","0.7","To meet the expected demand of 26 units while maintaining a buffer, I will order 26 units.","The risk lies in potential demand fluctuations; over-ordering could lead to excess holding costs.","26"
"1","9","Retailer","261","0","20","16","15","-899.0","256","0","[8, 10, 15]","[25]","10","0.8","I will order to cover expected demand while maintaining a buffer to avoid stockouts.","Demand fluctuations could lead to excess inventory or backlog if not managed.","20"
"1","9","Wholesaler","165","20","20","24","25","726.5","165","0","[8, 10, 15]","[35]","10","0.7","To maintain inventory levels and meet expected demand while avoiding stockouts.","Potential for over-ordering if demand decreases unexpectedly, leading to higher holding costs.","20"
"1","9","Distributor","303","20","20","49","35","813.0","303","0","[16, 18, 25]","[55]","20","0.8","I will order to cover expected demand while maintaining a buffer to prevent stockouts.","There is a risk of over-ordering if demand decreases unexpectedly, leading to higher holding costs.","20"
"1","9","Factory","229","20","30","64","55","2682.5","219","0","[24, 26, 35]","[35]","26","0.75","To meet the increasing demand trend, I will order enough to cover expected demand and maintain a buffer.","There is a risk of overestimating demand, leading to excess inventory and holding costs.","30"
