"generation","round_index","role_name","inventory","backlog","order_placed","shipment_received","shipment_sent_downstream","profit","llm_reported_inventory","llm_reported_backlog","llm_recent_demand_or_orders","llm_incoming_shipments","llm_last_order_placed","llm_confidence","llm_rationale","llm_risk_assessment","llm_expected_demand_next_round"
"1","0","Retailer","102","0","10","10","9","-11.5","101","0","[9]","[9]","","0.8","To maintain inventory and meet expected demand, I will order enough to cover the recent demand and keep a buffer.","Demand may increase unexpectedly, leading to stockouts if not managed properly.","9"
"1","0","Wholesaler","100","10","9","10","9","-5.5","101","0","[9]","[9]","","0.7","To maintain inventory and prepare for potential demand, I will order enough to cover expected demand and avoid stockouts.","Ordering too much could lead to excess holding costs if demand does not increase.","9"
"1","0","Distributor","102","9","10","10","9","-11.5","101","0","[9]","[9]","","0.7","To maintain inventory and prepare for potential fluctuations in demand, I will order enough to cover expected demand and maintain a buffer.","There is a risk of over-ordering if demand does not increase, leading to higher holding costs.","9"
"1","0","Factory","101","10","10","10","9","-6.0","101","0","[9]","[9]","","0.8","To maintain a buffer and meet expected demand, I will order 10 units.","Risk of over-ordering if demand decreases, leading to higher holding costs.","9"
"1","1","Retailer","114","0","20","10","9","-30.0","103","0","[9, 9]","[19]","10","0.7","To cover expected demand and maintain a buffer, I will order 20 units.","Demand may fluctuate, leading to potential overstock or stockouts if not managed carefully.","20"
"1","1","Wholesaler","91","20","20","10","19","98.5","91","0","[9, 9]","[28]","9","0.8","To cover expected demand and maintain a buffer, I will order 20 units.","Risk of over-ordering if demand does not increase, leading to higher holding costs.","20"
"1","1","Distributor","84","20","20","10","28","144.5","84","0","[9, 19]","[38]","10","0.75","To cover expected demand and maintain a buffer, I will order 20 units.","Risk of over-ordering if demand does not increase, leading to higher holding costs.","20"
"1","1","Factory","73","20","20","10","38","211.0","73","0","[9, 28]","[28]","10","0.8","To cover expected demand and maintain a buffer, I will order 20 units.","Risk of over-ordering if demand decreases, leading to higher holding costs.","20"
"1","2","Retailer","124","0","15","9","7","-80.0","116","0","[9, 9, 7]","[27]","20","0.8","To maintain inventory and meet expected demand, I will order slightly above the recent average demand.","Demand may fluctuate, but I need to avoid stockouts while managing holding costs.","9"
"1","2","Wholesaler","73","15","15","9","27","235.5","73","0","[9, 9, 7]","[47]","20","0.7","To cover expected demand and maintain a buffer, I will order slightly above the recent average demand.","Ordering too much could lead to excess holding costs if demand decreases.","9"
"1","2","Distributor","51","15","20","9","47","406.0","46","0","[9, 19, 27]","[67]","20","0.7","To cover expected demand and maintain a buffer, I will order 20 units.","Risk of over-ordering if demand decreases, leading to higher holding costs.","20"
"1","2","Factory","35","20","30","19","67","616.0","25","0","[9, 28, 47]","[47]","20","0.7","To cover expected demand and maintain a buffer, I will order more than the last round's order.","There is a risk of over-ordering if demand decreases, leading to higher holding costs.","28"
"1","3","Retailer","141","0","10","19","6","-159.0","137","0","[9, 7, 6]","[21]","15","0.6","To maintain inventory while considering recent demand trends, I will order cautiously.","Demand may continue to decline, risking overstock if not managed carefully.","20"
"1","3","Wholesaler","85","10","15","28","21","308.0","80","0","[9, 7, 6]","[36]","15","0.7","To maintain inventory and prepare for potential demand, I will order slightly above recent demand.","There is a risk of over-ordering if demand continues to decline, leading to increased holding costs.","20"
"1","3","Distributor","63","15","25","38","36","603.0","53","0","[19, 27, 21]","[56]","20","0.7","To cover expected demand and maintain a buffer, I will order slightly above the average of recent demand.","There is a risk of over-ordering if demand decreases further, leading to higher holding costs.","22"
"1","3","Factory","38","25","36","48","56","988.5","27","0","[28, 47, 36]","[36]","30","0.7","To cover expected demand and maintain a buffer, I will order 36 units.","There is a risk of over-ordering if demand decreases, leading to higher holding costs.","36"
"1","4","Retailer","164","0","20","27","12","-199.0","156","0","[7, 6, 12]","[22]","10","0.8","To maintain inventory and meet expected demand, I will order enough to cover both current stock and anticipated sales.","Demand may exceed expectations, leading to potential stockouts if not managed properly.","20"
"1","4","Wholesaler","105","20","15","47","22","410.5","110","0","[7, 6, 12]","[37]","15","0.75","To cover expected demand and maintain a buffer, I will order 15 units.","Ordering too much could increase holding costs if demand decreases.","12"
"1","4","Distributor","103","15","25","67","37","765.0","93","0","[27, 21, 22]","[62]","25","0.75","To cover expected demand and maintain a buffer, I will order slightly above the recent average demand.","Ordering too much may lead to excess inventory and higher holding costs if demand decreases.","22"
"1","4","Factory","64","25","36","77","62","1365.0","53","0","[47, 36, 37]","[37]","36","0.75","To cover expected demand and maintain a buffer, I will order enough to meet the anticipated demand and avoid stockouts.","There is a risk of over-ordering if demand decreases, leading to higher holding costs.","36"
"1","5","Retailer","185","0","12","21","6","-321.0","179","0","[6, 12, 6]","[26]","20","0.8","With sufficient inventory and recent demand trends, I will order to cover expected demand and maintain a buffer.","Demand may spike unexpectedly, leading to potential stockouts if not managed.","12"
"1","5","Wholesaler","123","12","20","36","26","481.5","115","0","[6, 12, 6]","[41]","15","0.75","To maintain inventory levels and prepare for potential demand, I will order to cover expected demand and avoid stockouts.","There is a risk of over-ordering if demand does not increase, leading to higher holding costs.","20"
"1","5","Distributor","123","20","25","56","41","949.5","118","0","[21, 22, 26]","[66]","25","0.7","To cover expected demand and maintain a buffer, I will order 25 units.","Ordering too much may increase holding costs if demand decreases.","25"
"1","5","Factory","85","25","40","72","66","1742.5","70","0","[36, 37, 41]","[41]","36","0.7","To cover expected demand and maintain a buffer, I will order 40 units.","Ordering too much may increase holding costs if demand drops unexpectedly.","40"
"1","6","Retailer","201","0","20","22","13","-388.5","194","0","[12, 6, 13]","[25]","12","0.7","To maintain inventory levels and prepare for expected demand, I will order 20 units.","Demand may fluctuate, risking overstock or stockouts if not managed carefully.","20"
"1","6","Wholesaler","135","20","20","37","25","571.5","135","0","[12, 6, 13]","[45]","20","0.7","To cover expected demand and maintain a buffer, I will order 20 units.","Ordering too much may increase holding costs if demand does not rise as expected.","20"
"1","6","Distributor","145","20","25","62","45","1132.0","140","0","[22, 26, 25]","[70]","25","0.75","To cover expected demand and maintain a buffer, I will order 25 units.","Ordering too much may increase holding costs if demand decreases.","25"
"1","6","Factory","104","25","41","73","70","2121.5","88","0","[37, 41, 45]","[45]","40","0.75","To cover expected demand and maintain a buffer, I will order based on the recent trend of increasing demand.","There is a risk of over-ordering if demand decreases, leading to higher holding costs.","41"
"1","7","Retailer","225","0","20","26","11","-499.0","216","0","[6, 13, 11]","[31]","20","0.8","To maintain inventory and meet expected demand, I will order enough to cover both current and anticipated needs.","There is a risk of overstocking if demand decreases unexpectedly, but I need to ensure I do not run out of stock.","20"
"1","7","Wholesaler","145","20","20","41","31","681.5","145","0","[6, 13, 11]","[51]","20","0.8","To maintain inventory and prepare for expected demand, I will order enough to cover anticipated sales and avoid stockouts.","There is a risk of over-ordering if demand decreases, leading to increased holding costs.","20"
"1","7","Distributor","170","20","30","66","51","1322.0","160","0","[26, 25, 31]","[76]","25","0.7","To cover expected demand and maintain a buffer, I will order based on recent trends.","Ordering too much may increase holding costs if demand decreases.","30"
"1","7","Factory","124","30","45","81","76","2535.0","109","0","[41, 45, 51]","[51]","41","0.8","To cover expected demand and maintain a buffer, I will order based on the average of recent demand.","There is a risk of over-ordering if demand decreases, leading to higher holding costs.","45"
"1","8","Retailer","256","0","20","25","7","-678.5","243","0","[13, 11, 7]","[27]","20","0.8","To maintain inventory levels and prepare for expected demand, I will order enough to cover both current stock and anticipated sales.","Demand may increase unexpectedly, leading to potential stockouts if not adequately prepared.","20"
"1","8","Wholesaler","163","20","20","45","27","753.5","163","0","[13, 11, 7]","[47]","20","0.75","To maintain inventory levels and prepare for expected demand, I will order to cover both potential demand and maintain a buffer.","There is a risk of over-ordering if demand does not increase, leading to higher holding costs.","20"
"1","8","Distributor","203","20","30","70","47","1459.0","193","0","[25, 31, 27]","[77]","30","0.7","To cover expected demand and maintain a buffer, I will order based on recent trends.","There is a risk of overstocking if demand decreases, leading to higher holding costs.","30"
"1","8","Factory","150","30","47","86","77","2928.5","133","0","[45, 51, 47]","[47]","45","0.8","To cover expected demand and maintain a buffer, I will order based on recent demand trends.","Risk of over-ordering if demand decreases, leading to higher holding costs.","47"
"1","9","Retailer","285","0","20","31","11","-849.0","276","0","[11, 7, 11]","[31]","20","0.8","To cover expected demand and maintain a buffer, I will order 20 units.","Demand may fluctuate, but I need to avoid stockouts while managing holding costs.","11"
"1","9","Wholesaler","183","20","20","51","31","825.5","183","0","[11, 7, 11]","[51]","20","0.75","To maintain inventory and prepare for expected demand, I will order enough to cover potential fluctuations.","There is a risk of over-ordering if demand decreases, leading to higher holding costs.","20"
"1","9","Distributor","238","20","30","76","51","1581.0","228","0","[31, 27, 31]","[81]","30","0.7","To meet expected demand and maintain a buffer, I will order 30 units.","Ordering too much may increase holding costs if demand decreases.","30"
"1","9","Factory","186","30","51","96","81","3308.0","165","0","[51, 47, 51]","[51]","47","0.7","To meet the expected demand and maintain a buffer, I will order enough to cover the anticipated demand and avoid stockouts.","There is a risk of over-ordering if demand decreases, leading to higher holding costs.","51"
"1","10","Retailer","304","0","10","27","9","-1062.5","303","0","[7, 11, 9]","[29]","20","0.8","To maintain inventory and cover expected demand, I will order 10 units.","Demand may vary, but I need to avoid stockouts while managing holding costs.","10"
"1","10","Wholesaler","211","10","20","47","29","814.5","201","0","[7, 11, 9]","[49]","20","0.75","To maintain inventory and prepare for expected demand, I will order to cover both current and anticipated needs.","There is a risk of over-ordering if demand decreases, leading to higher holding costs.","10"
"1","10","Distributor","276","20","30","77","49","1655.0","266","0","[27, 31, 29]","[79]","30","0.7","To cover expected demand and maintain a buffer, I will order 30 units.","Ordering too much may lead to excess holding costs if demand decreases.","30"
"1","10","Factory","221","30","50","94","79","3642.0","201","0","[47, 51, 49]","[49]","51","0.75","To cover expected demand and maintain a buffer, I will order based on recent demand trends.","There is a risk of over-ordering if demand decreases, leading to higher holding costs.","50"
"1","11","Retailer","321","0","10","31","12","-1264.5","323","0","[11, 9, 12]","[22]","10","0.8","To cover expected demand and maintain a buffer, I will order 10 units.","Demand may fluctuate, but I need to avoid stockouts while managing inventory levels.","12"
"1","11","Wholesaler","242","10","12","51","22","733.5","240","0","[11, 9, 12]","[42]","20","0.7","To cover expected demand and maintain a buffer, I will order 12 units.","Ordering too little may lead to stockouts, while over-ordering increases holding costs.","12"
"1","11","Distributor","333","12","30","81","42","1601.0","315","0","[31, 29, 22]","[72]","30","0.7","To cover expected demand and maintain a buffer, I will order 30 units.","Ordering too much may increase holding costs if demand decreases further.","30"
"1","11","Factory","271","30","50","102","72","3891.0","251","0","[51, 49, 42]","[42]","50","0.7","To cover expected demand and maintain a buffer, I will order based on recent trends.","There is a risk of over-ordering if demand decreases, leading to higher holding costs.","50"
"1","12","Retailer","350","0","20","29","10","-1509.5","340","0","[9, 12, 10]","[20]","10","0.8","To cover expected demand and maintain a buffer, I will order more than the recent average demand.","Demand may increase unexpectedly, leading to stockouts if not managed properly.","12"
"1","12","Wholesaler","263","20","12","49","20","666.5","271","0","[9, 12, 10]","[32]","12","0.7","To maintain inventory levels and prepare for expected demand, I will order to cover both current demand and maintain a buffer.","There is a risk of over-ordering if demand decreases, leading to increased holding costs.","12"
"1","12","Distributor","398","12","30","79","32","1432.0","380","0","[29, 22, 20]","[62]","30","0.7","To cover expected demand and maintain a buffer, I will order slightly above the recent average demand.","There is a risk of overstocking if demand decreases, leading to higher holding costs.","22"
"1","12","Factory","328","30","50","99","62","4033.0","308","0","[49, 42, 32]","[32]","50","0.7","To cover expected demand and maintain a buffer, I will order based on recent trends.","There is a risk of over-ordering if demand decreases unexpectedly, leading to higher holding costs.","42"
"1","13","Retailer","366","0","12","22","9","-1784.0","363","0","[12, 10, 9]","[29]","20","0.8","To maintain inventory and meet expected demand, I will order 12 units, covering recent demand trends.","Demand may fluctuate, but with a buffer, I can mitigate stockout risks.","12"
"1","13","Wholesaler","284","12","20","42","29","591.5","276","0","[12, 10, 9]","[41]","12","0.7","To maintain inventory levels and prepare for expected demand, I will order slightly above recent demand.","There is a risk of over-ordering if demand decreases, leading to higher holding costs.","20"
"1","13","Distributor","434","20","25","72","41","1305.5","429","0","[22, 20, 29]","[71]","30","0.7","To cover expected demand and maintain a buffer, I will order based on recent trends.","There is a risk of over-ordering if demand decreases, leading to higher holding costs.","25"
"1","13","Factory","364","25","40","92","71","4156.5","349","0","[42, 32, 41]","[41]","50","0.7","To cover expected demand and maintain a buffer, I will order based on recent demand trends.","There is a risk of over-ordering if demand decreases, leading to higher holding costs.","40"
"1","14","Retailer","386","0","20","20","10","-2065.0","376","0","[10, 9, 10]","[22]","12","0.7","To maintain inventory levels and prepare for expected demand, I will order to cover both current demand and maintain a buffer.","There is a risk of overstock if demand does not increase as anticipated, but stockouts must be avoided.","20"
"1","14","Wholesaler","294","20","20","32","22","507.5","294","0","[10, 9, 10]","[42]","20","0.7","To maintain inventory levels and prepare for potential demand increases, I will order to cover expected demand and maintain a buffer.","There is a risk of over-ordering if demand does not increase, leading to higher holding costs.","20"
"1","14","Distributor","464","20","30","62","42","1156.5","454","0","[20, 29, 22]","[67]","25","0.7","To cover expected demand and maintain a buffer, I will order slightly above the recent average.","Ordering too much may increase holding costs if demand decreases.","25"
"1","14","Factory","389","30","40","82","67","4257.5","379","0","[32, 41, 42]","[42]","40","0.75","To cover expected demand and maintain a buffer, I will order based on recent trends.","Risk of overstocking if demand decreases unexpectedly, but necessary to avoid stockouts.","40"
"1","15","Retailer","423","0","20","29","6","-2421.0","409","0","[9, 10, 6]","[26]","20","0.8","With sufficient inventory and no backlog, I will order to cover expected demand and maintain a buffer.","Demand may increase unexpectedly, leading to potential stockouts if not managed.","20"
"1","15","Wholesaler","309","20","20","41","26","428.5","309","0","[9, 10, 6]","[46]","20","0.7","To maintain inventory levels and prepare for potential demand increases, I will order based on recent demand trends.","There is a risk of over-ordering if demand does not increase, leading to higher holding costs.","20"
"1","15","Distributor","499","20","30","71","46","992.5","489","0","[29, 22, 26]","[76]","30","0.7","To cover expected demand and maintain a buffer, I will order based on recent trends.","There is a risk of over-ordering if demand decreases, leading to higher holding costs.","26"
"1","15","Factory","406","30","42","81","76","4387.5","394","0","[41, 42, 46]","[46]","40","0.8","To cover expected demand and maintain a buffer, I will order based on recent demand trends.","There is a risk of over-ordering if demand decreases, leading to higher holding costs.","42"
"1","16","Retailer","441","0","20","22","12","-2738.0","433","0","[10, 6, 12]","[32]","20","0.7","I will order to cover expected demand and maintain a buffer to avoid stockouts.","Demand may increase unexpectedly, leading to potential stockouts if not managed.","20"
"1","16","Wholesaler","329","20","30","42","32","364.5","319","0","[10, 6, 12]","[52]","20","0.7","To maintain inventory levels and prepare for potential demand increases, I will order slightly above expected demand.","There is a risk of overstocking if demand does not increase as anticipated, leading to higher holding costs.","20"
"1","16","Distributor","514","30","30","67","52","888.5","514","0","[22, 26, 32]","[82]","30","0.7","To cover expected demand and maintain a buffer, I will order based on recent trends.","Risk of over-ordering if demand does not increase, leading to higher holding costs.","30"
"1","16","Factory","422","30","46","82","82","4533.5","406","0","[42, 46, 52]","[52]","42","0.7","To cover the expected demand increase and maintain a buffer, I will order based on the average of recent demands.","There is a risk of overstocking if demand decreases, leading to higher holding costs.","46"
