"generation","round_index","role_name","inventory","backlog","order_placed","shipment_received","shipment_sent_downstream","profit","llm_reported_inventory","llm_reported_backlog","llm_recent_demand_or_orders","llm_incoming_shipments","llm_last_order_placed","llm_confidence","llm_rationale","llm_risk_assessment","llm_expected_demand_next_round"
"1","0","Retailer","112","0","20","10","9","-16.5","101","0","[9]","[9]","","0.7","To maintain inventory and prepare for expected demand, I will order to cover both current demand and potential increases.","If demand increases unexpectedly, I risk stockouts if I do not order enough.","20"
"1","0","Wholesaler","91","20","10","10","9","49.0","101","0","[9]","[9]","","0.8","To cover the expected demand of 9 units and maintain a buffer, I will order 10 units.","There is a risk of over-ordering if demand decreases, but maintaining a buffer is crucial to avoid stockouts.","9"
"1","0","Distributor","111","10","20","10","9","-11.0","101","0","[9]","[9]","","0.8","To maintain inventory and prepare for expected demand, I will order enough to cover both current and anticipated needs.","There is a risk of over-ordering if demand does not increase as expected, leading to higher holding costs.","20"
"1","0","Factory","101","20","20","10","9","44.0","101","0","[9]","[9]","","0.8","To maintain a buffer for potential demand fluctuations while covering expected demand.","Risk of over-ordering if demand does not increase, leading to higher holding costs.","20"
"1","1","Retailer","124","0","20","10","9","-45.0","113","0","[9, 9]","[29]","20","0.7","To cover expected demand and maintain a buffer, I will order 20 units.","Demand may fluctuate, and insufficient stock could lead to backlog.","20"
"1","1","Wholesaler","72","20","20","10","29","222.0","72","0","[9, 9]","[39]","10","0.7","To cover expected demand and maintain a buffer, I will order enough to meet the anticipated demand and avoid stockouts.","There is a risk of over-ordering if demand decreases, leading to higher holding costs.","20"
"1","1","Distributor","82","20","20","10","39","202.0","82","0","[9, 29]","[59]","20","0.7","To cover expected demand and maintain a buffer, I will order 20 units.","Risk of over-ordering if demand decreases unexpectedly, leading to higher holding costs.","20"
"1","1","Factory","52","20","20","10","59","387.0","52","0","[9, 39]","[39]","20","0.7","I will order to cover expected demand and maintain a buffer to avoid stockouts.","There is a risk of over-ordering if demand decreases, leading to higher holding costs.","20"
"1","2","Retailer","124","0","15","9","12","-47.5","121","0","[9, 9, 12]","[32]","20","0.7","To cover expected demand and maintain a buffer, I will order slightly above the recent average demand.","Demand may increase unexpectedly, leading to potential stockouts if not enough is ordered.","12"
"1","2","Wholesaler","46","15","12","9","32","409.5","49","0","[9, 9, 12]","[52]","20","0.75","To cover expected demand and maintain a buffer, I will order enough to meet the anticipated demand and avoid stockouts.","There is a risk of over-ordering if demand decreases, leading to higher holding costs.","12"
"1","2","Distributor","36","12","30","9","52","484.5","39","0","[9, 29, 32]","[72]","20","0.7","To cover expected demand and maintain a buffer, I will order 30 units.","Ordering too much may lead to excess inventory if demand decreases unexpectedly.","30"
"1","2","Factory","9","30","30","29","72","888.0","9","0","[9, 39, 52]","[52]","20","0.7","To cover expected demand and maintain a buffer, I will order based on the recent peak demand.","Ordering too much could lead to excess inventory if demand decreases.","39"
"1","3","Retailer","151","0","12","29","7","-126.0","146","0","[9, 12, 7]","[22]","15","0.8","To maintain inventory and cover expected demand, I will order enough to meet potential fluctuations.","Demand may exceed expectations, leading to stockouts if not enough is ordered.","12"
"1","3","Wholesaler","63","12","12","39","22","516.5","63","0","[9, 12, 7]","[34]","12","0.8","To cover expected demand and maintain a buffer, I will order enough to meet the anticipated demand and avoid stockouts.","There is a risk of over-ordering if demand decreases, leading to higher holding costs.","12"
"1","3","Distributor","53","12","30","59","34","657.5","61","0","[29, 32, 22]","[64]","30","0.75","To cover expected demand and maintain a buffer, I will order based on recent trends.","There is a risk of over-ordering if demand decreases unexpectedly, leading to higher holding costs.","28"
"1","3","Factory","10","30","36","59","64","1351.0","4","0","[39, 52, 34]","[34]","30","0.7","To cover expected demand and maintain a buffer, I will order 36 units to avoid stockouts.","Risk of over-ordering if demand decreases, leading to higher holding costs.","40"
"1","4","Retailer","189","0","20","32","7","-238.5","176","0","[12, 7, 7]","[19]","12","0.7","To cover expected demand and maintain a buffer, I will order 20 units.","Demand may fluctuate, and insufficient stock could lead to backlog.","20"
"1","4","Wholesaler","96","20","20","52","19","615.5","96","0","[12, 7, 7]","[31]","12","0.7","To cover expected demand and maintain a buffer, I will order enough to meet the anticipated demand while avoiding stockouts.","There is a risk of over-ordering if demand decreases, leading to higher holding costs.","20"
"1","4","Distributor","94","20","20","72","31","818.5","94","0","[32, 22, 19]","[61]","30","0.75","To cover expected demand and maintain a buffer, I will order conservatively.","Risk of over-ordering exists if demand decreases unexpectedly.","20"
"1","4","Factory","47","20","36","82","61","1717.0","31","0","[52, 34, 31]","[31]","36","0.7","To cover expected demand and maintain a buffer, I will order 36 units.","There is a risk of overstocking if demand decreases, but I need to avoid stockouts.","34"
"1","5","Retailer","205","0","20","22","13","-310.0","198","0","[7, 7, 13]","[33]","20","0.7","To cover expected demand and maintain a buffer, I will order enough to meet potential spikes while avoiding stockouts.","Demand may increase unexpectedly, leading to stockouts if not enough is ordered.","20"
"1","5","Wholesaler","97","20","20","34","33","783.5","97","0","[7, 7, 13]","[53]","20","0.8","To cover expected demand and maintain a buffer, I will order enough to meet the anticipated increase in demand while avoiding stockouts.","There is a risk of over-ordering if demand decreases, but maintaining a buffer is crucial to prevent stockouts.","13"
"1","5","Distributor","110","20","25","64","53","1076.0","105","0","[22, 19, 33]","[73]","20","0.75","To cover expected demand and maintain a buffer, I will order more than the last round's demand.","Ordering too much may lead to excess inventory and increased holding costs if demand decreases.","25"
"1","5","Factory","59","25","40","70","73","2155.5","44","0","[34, 31, 53]","[53]","36","0.7","To cover expected demand and maintain a buffer, I will order based on recent trends.","Risk of over-ordering if demand decreases, leading to higher holding costs.","40"
"1","6","Retailer","224","0","20","19","10","-429.0","214","0","[7, 13, 10]","[30]","20","0.8","To maintain inventory levels and prepare for expected demand, I will order enough to cover potential fluctuations.","Demand may increase unexpectedly, leading to stockouts if not enough is ordered.","20"
"1","6","Wholesaler","98","20","20","31","30","935.5","98","0","[7, 13, 10]","[50]","20","0.7","To cover expected demand and maintain a buffer, I will order enough to meet the anticipated demand and avoid stockouts.","There is a risk of over-ordering if demand decreases, leading to higher holding costs.","20"
"1","6","Distributor","131","20","30","61","50","1300.0","121","0","[19, 33, 30]","[75]","25","0.7","To cover expected demand and maintain a buffer, I will order based on recent trends.","There is a risk of over-ordering if demand decreases unexpectedly, leading to higher holding costs.","30"
"1","6","Factory","61","30","40","67","75","2624.5","51","0","[31, 53, 50]","[50]","40","0.7","To cover expected demand and maintain a buffer, I will order based on recent trends.","There is a risk of over-ordering if demand decreases, leading to higher holding costs.","45"
"1","7","Retailer","255","0","20","33","11","-569.5","246","0","[13, 10, 11]","[31]","20","0.8","With sufficient inventory and stable demand, I will order to maintain a buffer while covering expected demand.","Demand may increase unexpectedly, leading to potential stockouts if not enough is ordered.","11"
"1","7","Wholesaler","112","20","12","53","31","1074.5","120","0","[13, 10, 11]","[51]","20","0.8","To cover expected demand and maintain a buffer, I will order enough to meet the average recent demand while ensuring I don't run out of stock.","There is a risk of over-ordering if demand decreases, but maintaining a buffer is crucial to avoid stockouts.","12"
"1","7","Distributor","171","12","30","73","51","1453.0","153","0","[33, 30, 31]","[81]","30","0.7","To cover expected demand and maintain a buffer, I will order based on recent trends.","Ordering too much could lead to higher holding costs if demand decreases.","30"
"1","7","Factory","94","30","51","93","81","3096.0","73","0","[53, 50, 51]","[51]","40","0.7","To cover expected demand and maintain a buffer, I will order to meet the average recent demand.","Ordering too much may lead to excess holding costs if demand decreases.","51"
"1","8","Retailer","279","0","20","30","13","-715.0","272","0","[10, 11, 13]","[33]","20","0.8","With sufficient inventory and no backlog, I will order to cover expected demand and maintain a buffer.","Demand may increase unexpectedly, leading to potential stockouts if not enough is ordered.","20"
"1","8","Wholesaler","129","20","20","50","33","1210.5","129","0","[10, 11, 13]","[45]","12","0.7","To cover expected demand and maintain a buffer, I will order enough to meet both current and anticipated needs.","There is a risk of over-ordering if demand decreases, leading to higher holding costs.","20"
"1","8","Distributor","211","20","30","75","45","1572.0","201","0","[30, 31, 33]","[75]","30","0.7","To cover expected demand and maintain a buffer, I will order based on recent trends.","Ordering too much may lead to excess holding costs if demand decreases.","31"
"1","8","Factory","129","30","50","90","75","3502.0","109","0","[50, 51, 45]","[45]","51","0.7","To cover expected demand and maintain a buffer, I will order based on recent trends.","There is a risk of over-ordering if demand decreases, leading to higher holding costs.","50"
"1","9","Retailer","302","0","20","31","14","-874.0","296","0","[11, 13, 14]","[34]","20","0.8","To cover expected demand and maintain a buffer, I will order more than the recent average demand.","Demand may continue to rise, and insufficient stock could lead to backlog and lost sales.","14"
"1","9","Wholesaler","140","20","14","51","34","1337.5","146","0","[11, 13, 14]","[54]","20","0.8","To cover expected demand and maintain a buffer, I will order enough to meet the rising demand trend while avoiding stockouts.","There is a risk of over-ordering if demand decreases, but maintaining inventory is crucial to avoid backlog costs.","14"
"1","9","Distributor","257","14","33","81","54","1664.5","238","0","[31, 33, 34]","[84]","30","0.9","To meet the increasing demand trend, I will order enough to cover expected demand and maintain a buffer.","There is a risk of overstocking if demand decreases unexpectedly, leading to higher holding costs.","33"
"1","9","Factory","164","33","50","102","84","3931.5","147","0","[51, 45, 54]","[54]","50","0.7","To meet the expected demand and maintain a buffer, I will order enough to cover the recent demand trend.","There is a risk of over-ordering if demand decreases, leading to higher holding costs.","50"
